[gd_scene load_steps=3 format=3 uid="uid://4tdtu246g70a"]

[ext_resource type="PackedScene" uid="uid://dcwawxg5537wa" path="res://plateau.tscn" id="2_8jvwn"]

[sub_resource type="Environment" id="Environment_vyuhg"]
background_mode = 1
background_color = Color(0.0313726, 0.0313726, 0.0313726, 1)

[node name="Main" type="Node3D"]

[node name="Camera3D" type="Camera3D" parent="."]
transform = Transform3D(1, 0, 0, 0, 0.707107, 0.707107, 0, -0.707107, 0.707107, 0, 14, 15.097)
environment = SubResource("Environment_vyuhg")
fov = 33.3

[node name="DirectionalLight3D" type="DirectionalLight3D" parent="."]
transform = Transform3D(-0.5, 0.75, -0.433013, 1.49012e-08, 0.5, 0.866025, 0.866025, 0.433013, -0.25, -10.325, 11.9861, -8.74714)
light_color = Color(0.870588, 0.862745, 0.819608, 1)
light_energy = 4.352

[node name="DirectionalLight3D2" type="DirectionalLight3D" parent="."]
transform = Transform3D(0.524519, -0.664061, 0.532825, 0.353553, 0.739199, 0.573223, -0.774519, -0.112285, 0.622505, 15.712, 11.9861, 5.79846)
light_color = Color(0.72549, 0.858824, 0.886275, 1)

[node name="Plateau2" parent="." instance=ExtResource("2_8jvwn")]
